#
#
#  Percent Identity  Matrix - created by Clustal2.1 
#
#

     1: 7           100.00   18.24   15.95   16.56   16.88   16.67   17.90   15.43   17.61   16.15
     2: 8            18.24  100.00   41.14   42.86   16.25   23.75   21.25   20.61   21.02   22.29
     3: 9            15.95   41.14  100.00   52.78   18.75   25.00   17.68   25.45   24.84   20.75
     4: 10           16.56   42.86   52.78  100.00   18.12   20.61   16.97   21.82   22.93   23.27
     5: 1            16.88   16.25   18.75   18.12  100.00   21.82   21.34   21.82   23.78   19.88
     6: 4            16.67   23.75   25.00   20.61   21.82  100.00   33.33   20.24   25.45   21.47
     7: 13           17.90   21.25   17.68   16.97   21.34   33.33  100.00   22.62   27.27   26.99
     8: 6            15.43   20.61   25.45   21.82   21.82   20.24   22.62  100.00   23.35   31.71
     9: 2            17.61   21.02   24.84   22.93   23.78   25.45   27.27   23.35  100.00   32.52
    10: 5            16.15   22.29   20.75   23.27   19.88   21.47   26.99   31.71   32.52  100.00
