#
#
#  Percent Identity  Matrix - created by Clustal2.1 
#
#

     1: 7           100.00   17.18   14.29   15.57   16.15   16.77   19.25   14.84   15.43   16.35   15.62
     2: 8            17.18  100.00   41.14   42.86   15.34   22.50   20.00   17.83   20.61   20.75   22.01
     3: 9            14.29   41.14  100.00   52.78   17.79   25.00   18.29   17.09   25.45   24.53   21.74
     4: 10           15.57   42.86   52.78  100.00   17.79   20.61   16.97   16.46   21.82   22.64   24.22
     5: 1            16.15   15.34   17.79   17.79  100.00   22.62   20.36   23.46   20.83   22.89   20.73
     6: 4            16.77   22.50   25.00   20.61   22.62  100.00   33.33   23.60   19.64   24.55   21.21
     7: 13           19.25   20.00   18.29   16.97   20.36   33.33  100.00   18.75   22.02   26.35   26.67
     8: 3            14.84   17.83   17.09   16.46   23.46   23.60   18.75  100.00   25.00   22.78   31.01
     9: 6            15.43   20.61   25.45   21.82   20.83   19.64   22.02   25.00  100.00   23.35   31.71
    10: 2            16.35   20.75   24.53   22.64   22.89   24.55   26.35   22.78   23.35  100.00   32.52
    11: 5            15.62   22.01   21.74   24.22   20.73   21.21   26.67   31.01   31.71   32.52  100.00
